SVM: 0.000977 0.000977 (0.468085)
SVM: 0.000977 0.001381 (0.468085)
SVM: 0.000977 0.001953 (0.468085)
SVM: 0.000977 0.002762 (0.468085)
SVM: 0.000977 0.003906 (0.468085)
SVM: 0.000977 0.005524 (0.468085)
SVM: 0.000977 0.007812 (0.468085)
SVM: 0.000977 0.011049 (0.468085)
SVM: 0.000977 0.015625 (0.468085)
SVM: 0.000977 0.022097 (0.468085)
SVM: 0.000977 0.031250 (0.468085)
SVM: 0.000977 0.044194 (0.468085)
SVM: 0.000977 0.062500 (0.468085)
SVM: 0.000977 0.088388 (0.468085)
SVM: 0.000977 0.125000 (0.468085)
SVM: 0.000977 0.176777 (0.468085)
SVM: 0.000977 0.250000 (0.468085)
SVM: 0.000977 0.353553 (0.468085)
SVM: 0.000977 0.500000 (0.468085)
SVM: 0.000977 0.707107 (0.468085)
SVM: 0.000977 1.000000 (0.468085)
SVM: 0.000977 1.414214 (0.468085)
SVM: 0.000977 2.000000 (0.468085)
SVM: 0.000977 2.828427 (0.468085)
SVM: 0.000977 4.000000 (0.468085)
SVM: 0.000977 5.656854 (0.468085)
SVM: 0.000977 8.000000 (0.468085)
SVM: 0.000977 11.313708 (0.468085)
SVM: 0.000977 16.000000 (0.468085)
SVM: 0.000977 22.627417 (0.468085)
SVM: 0.000977 32.000000 (0.468085)
SVM: 0.000977 45.254834 (0.468085)
SVM: 0.000977 64.000000 (0.468085)
SVM: 0.000977 90.509668 (0.468085)
SVM: 0.000977 128.000000 (0.468085)
SVM: 0.000977 181.019336 (0.468085)
SVM: 0.000977 256.000000 (0.468085)
SVM: 0.000977 362.038672 (0.468085)
SVM: 0.000977 512.000000 (0.468085)
SVM: 0.000977 724.077344 (0.468085)
SVM: 0.000977 1024.000000 (0.468085)
SVM: 0.001381 0.000977 (0.531915)
SVM: 0.001381 0.001381 (0.531915)
SVM: 0.001381 0.001953 (0.531915)
SVM: 0.001381 0.002762 (0.531915)
SVM: 0.001381 0.003906 (0.531915)
SVM: 0.001381 0.005524 (0.531915)
SVM: 0.001381 0.007812 (0.531915)
SVM: 0.001381 0.011049 (0.531915)
SVM: 0.001381 0.015625 (0.531915)
SVM: 0.001381 0.022097 (0.531915)
SVM: 0.001381 0.031250 (0.531915)
SVM: 0.001381 0.044194 (0.531915)
SVM: 0.001381 0.062500 (0.531915)
SVM: 0.001381 0.088388 (0.531915)
SVM: 0.001381 0.125000 (0.531915)
SVM: 0.001381 0.176777 (0.531915)
SVM: 0.001381 0.250000 (0.531915)
SVM: 0.001381 0.353553 (0.531915)
SVM: 0.001381 0.500000 (0.531915)
SVM: 0.001381 0.707107 (0.531915)
SVM: 0.001381 1.000000 (0.531915)
SVM: 0.001381 1.414214 (0.531915)
SVM: 0.001381 2.000000 (0.531915)
SVM: 0.001381 2.828427 (0.531915)
SVM: 0.001381 4.000000 (0.531915)
SVM: 0.001381 5.656854 (0.531915)
SVM: 0.001381 8.000000 (0.531915)
SVM: 0.001381 11.313708 (0.531915)
SVM: 0.001381 16.000000 (0.531915)
SVM: 0.001381 22.627417 (0.531915)
SVM: 0.001381 32.000000 (0.531915)
SVM: 0.001381 45.254834 (0.531915)
SVM: 0.001381 64.000000 (0.531915)
SVM: 0.001381 90.509668 (0.531915)
SVM: 0.001381 128.000000 (0.531915)
SVM: 0.001381 181.019336 (0.531915)
SVM: 0.001381 256.000000 (0.531915)
SVM: 0.001381 362.038672 (0.531915)
SVM: 0.001381 512.000000 (0.531915)
SVM: 0.001381 724.077344 (0.531915)
SVM: 0.001381 1024.000000 (0.531915)
SVM: 0.001953 0.000977 (0.468085)
SVM: 0.001953 0.001381 (0.468085)
SVM: 0.001953 0.001953 (0.468085)
SVM: 0.001953 0.002762 (0.468085)
SVM: 0.001953 0.003906 (0.468085)
SVM: 0.001953 0.005524 (0.468085)
SVM: 0.001953 0.007812 (0.468085)
SVM: 0.001953 0.011049 (0.468085)
SVM: 0.001953 0.015625 (0.468085)
SVM: 0.001953 0.022097 (0.468085)
SVM: 0.001953 0.031250 (0.468085)
SVM: 0.001953 0.044194 (0.468085)
SVM: 0.001953 0.062500 (0.468085)
SVM: 0.001953 0.088388 (0.468085)
SVM: 0.001953 0.125000 (0.468085)
SVM: 0.001953 0.176777 (0.468085)
SVM: 0.001953 0.250000 (0.468085)
SVM: 0.001953 0.353553 (0.468085)
SVM: 0.001953 0.500000 (0.468085)
SVM: 0.001953 0.707107 (0.370922)
SVM: 0.001953 1.000000 (0.366312)
SVM: 0.001953 1.414214 (0.363830)
SVM: 0.001953 2.000000 (0.468085)
SVM: 0.001953 2.828427 (0.468085)
SVM: 0.001953 4.000000 (0.468085)
SVM: 0.001953 5.656854 (0.468085)
SVM: 0.001953 8.000000 (0.468085)
SVM: 0.001953 11.313708 (0.468085)
SVM: 0.001953 16.000000 (0.468085)
SVM: 0.001953 22.627417 (0.468085)
SVM: 0.001953 32.000000 (0.468085)
SVM: 0.001953 45.254834 (0.468085)
SVM: 0.001953 64.000000 (0.468085)
SVM: 0.001953 90.509668 (0.468085)
SVM: 0.001953 128.000000 (0.468085)
SVM: 0.001953 181.019336 (0.468085)
SVM: 0.001953 256.000000 (0.468085)
SVM: 0.001953 362.038672 (0.468085)
SVM: 0.001953 512.000000 (0.468085)
SVM: 0.001953 724.077344 (0.468085)
SVM: 0.001953 1024.000000 (0.468085)
SVM: 0.002762 0.000977 (0.531915)
SVM: 0.002762 0.001381 (0.531915)
SVM: 0.002762 0.001953 (0.531915)
SVM: 0.002762 0.002762 (0.531915)
SVM: 0.002762 0.003906 (0.531915)
SVM: 0.002762 0.005524 (0.531915)
SVM: 0.002762 0.007812 (0.531915)
SVM: 0.002762 0.011049 (0.531915)
SVM: 0.002762 0.015625 (0.531915)
SVM: 0.002762 0.022097 (0.531915)
SVM: 0.002762 0.031250 (0.531915)
SVM: 0.002762 0.044194 (0.531915)
SVM: 0.002762 0.062500 (0.531915)
SVM: 0.002762 0.088388 (0.531915)
SVM: 0.002762 0.125000 (0.531915)
SVM: 0.002762 0.176777 (0.531915)
SVM: 0.002762 0.250000 (0.531915)
SVM: 0.002762 0.353553 (0.535106)
SVM: 0.002762 0.500000 (0.520922)
SVM: 0.002762 0.707107 (0.508865)
SVM: 0.002762 1.000000 (0.510284)
SVM: 0.002762 1.414214 (0.516667)
SVM: 0.002762 2.000000 (0.530142)
SVM: 0.002762 2.828427 (0.535816)
SVM: 0.002762 4.000000 (0.531915)
SVM: 0.002762 5.656854 (0.531915)
SVM: 0.002762 8.000000 (0.531915)
SVM: 0.002762 11.313708 (0.531915)
SVM: 0.002762 16.000000 (0.531915)
SVM: 0.002762 22.627417 (0.531915)
SVM: 0.002762 32.000000 (0.531915)
SVM: 0.002762 45.254834 (0.531915)
SVM: 0.002762 64.000000 (0.531915)
SVM: 0.002762 90.509668 (0.531915)
SVM: 0.002762 128.000000 (0.531915)
SVM: 0.002762 181.019336 (0.531915)
SVM: 0.002762 256.000000 (0.531915)
SVM: 0.002762 362.038672 (0.531915)
SVM: 0.002762 512.000000 (0.531915)
SVM: 0.002762 724.077344 (0.531915)
SVM: 0.002762 1024.000000 (0.531915)
SVM: 0.003906 0.000977 (0.468085)
SVM: 0.003906 0.001381 (0.468085)
SVM: 0.003906 0.001953 (0.468085)
SVM: 0.003906 0.002762 (0.468085)
SVM: 0.003906 0.003906 (0.468085)
SVM: 0.003906 0.005524 (0.468085)
SVM: 0.003906 0.007812 (0.468085)
SVM: 0.003906 0.011049 (0.468085)
SVM: 0.003906 0.015625 (0.468085)
SVM: 0.003906 0.022097 (0.468085)
SVM: 0.003906 0.031250 (0.468085)
SVM: 0.003906 0.044194 (0.468085)
SVM: 0.003906 0.062500 (0.468085)
SVM: 0.003906 0.088388 (0.468085)
SVM: 0.003906 0.125000 (0.468085)
SVM: 0.003906 0.176777 (0.385816)
SVM: 0.003906 0.250000 (0.473759)
SVM: 0.003906 0.353553 (0.502128)
SVM: 0.003906 0.500000 (0.508511)
SVM: 0.003906 0.707107 (0.505319)
SVM: 0.003906 1.000000 (0.506738)
SVM: 0.003906 1.414214 (0.504610)
SVM: 0.003906 2.000000 (0.466312)
SVM: 0.003906 2.828427 (0.454255)
SVM: 0.003906 4.000000 (0.382624)
SVM: 0.003906 5.656854 (0.395745)
SVM: 0.003906 8.000000 (0.468085)
SVM: 0.003906 11.313708 (0.468085)
SVM: 0.003906 16.000000 (0.468085)
SVM: 0.003906 22.627417 (0.468085)
SVM: 0.003906 32.000000 (0.468085)
SVM: 0.003906 45.254834 (0.468085)
SVM: 0.003906 64.000000 (0.468085)
SVM: 0.003906 90.509668 (0.468085)
SVM: 0.003906 128.000000 (0.468085)
SVM: 0.003906 181.019336 (0.468085)
SVM: 0.003906 256.000000 (0.468085)
SVM: 0.003906 362.038672 (0.468085)
SVM: 0.003906 512.000000 (0.468085)
SVM: 0.003906 724.077344 (0.468085)
SVM: 0.003906 1024.000000 (0.468085)
SVM: 0.005524 0.000977 (0.531915)
SVM: 0.005524 0.001381 (0.531915)
SVM: 0.005524 0.001953 (0.531915)
SVM: 0.005524 0.002762 (0.531915)
SVM: 0.005524 0.003906 (0.531915)
SVM: 0.005524 0.005524 (0.531915)
SVM: 0.005524 0.007812 (0.531915)
SVM: 0.005524 0.011049 (0.531915)
SVM: 0.005524 0.015625 (0.531915)
SVM: 0.005524 0.022097 (0.531915)
SVM: 0.005524 0.031250 (0.531915)
SVM: 0.005524 0.044194 (0.531915)
SVM: 0.005524 0.062500 (0.531915)
SVM: 0.005524 0.088388 (0.532270)
SVM: 0.005524 0.125000 (0.519858)
SVM: 0.005524 0.176777 (0.506028)
SVM: 0.005524 0.250000 (0.505319)
SVM: 0.005524 0.353553 (0.509929)
SVM: 0.005524 0.500000 (0.504610)
SVM: 0.005524 0.707107 (0.507092)
SVM: 0.005524 1.000000 (0.511702)
SVM: 0.005524 1.414214 (0.516667)
SVM: 0.005524 2.000000 (0.506028)
SVM: 0.005524 2.828427 (0.460638)
SVM: 0.005524 4.000000 (0.421631)
SVM: 0.005524 5.656854 (0.365248)
SVM: 0.005524 8.000000 (0.436525)
SVM: 0.005524 11.313708 (0.468085)
SVM: 0.005524 16.000000 (0.468085)
SVM: 0.005524 22.627417 (0.531915)
SVM: 0.005524 32.000000 (0.531915)
SVM: 0.005524 45.254834 (0.531915)
SVM: 0.005524 64.000000 (0.531915)
SVM: 0.005524 90.509668 (0.531915)
SVM: 0.005524 128.000000 (0.531915)
SVM: 0.005524 181.019336 (0.531915)
SVM: 0.005524 256.000000 (0.531915)
SVM: 0.005524 362.038672 (0.531915)
SVM: 0.005524 512.000000 (0.531915)
SVM: 0.005524 724.077344 (0.531915)
SVM: 0.005524 1024.000000 (0.531915)
SVM: 0.007812 0.000977 (0.468085)
SVM: 0.007812 0.001381 (0.468085)
SVM: 0.007812 0.001953 (0.468085)
SVM: 0.007812 0.002762 (0.468085)
SVM: 0.007812 0.003906 (0.468085)
SVM: 0.007812 0.005524 (0.468085)
SVM: 0.007812 0.007812 (0.468085)
SVM: 0.007812 0.011049 (0.468085)
SVM: 0.007812 0.015625 (0.468085)
SVM: 0.007812 0.022097 (0.468085)
SVM: 0.007812 0.031250 (0.468085)
SVM: 0.007812 0.044194 (0.468085)
SVM: 0.007812 0.062500 (0.444326)
SVM: 0.007812 0.088388 (0.474113)
SVM: 0.007812 0.125000 (0.482270)
SVM: 0.007812 0.176777 (0.500709)
SVM: 0.007812 0.250000 (0.511348)
SVM: 0.007812 0.353553 (0.507092)
SVM: 0.007812 0.500000 (0.506383)
SVM: 0.007812 0.707107 (0.509220)
SVM: 0.007812 1.000000 (0.518440)
SVM: 0.007812 1.414214 (0.527305)
SVM: 0.007812 2.000000 (0.534397)
SVM: 0.007812 2.828427 (0.525532)
SVM: 0.007812 4.000000 (0.454610)
SVM: 0.007812 5.656854 (0.386879)
SVM: 0.007812 8.000000 (0.435816)
SVM: 0.007812 11.313708 (0.468085)
SVM: 0.007812 16.000000 (0.468085)
SVM: 0.007812 22.627417 (0.468085)
SVM: 0.007812 32.000000 (0.468085)
SVM: 0.007812 45.254834 (0.468085)
SVM: 0.007812 64.000000 (0.468085)
SVM: 0.007812 90.509668 (0.468085)
SVM: 0.007812 128.000000 (0.468085)
SVM: 0.007812 181.019336 (0.468085)
SVM: 0.007812 256.000000 (0.468085)
SVM: 0.007812 362.038672 (0.468085)
SVM: 0.007812 512.000000 (0.468085)
SVM: 0.007812 724.077344 (0.468085)
SVM: 0.007812 1024.000000 (0.468085)
SVM: 0.011049 0.000977 (0.531915)
SVM: 0.011049 0.001381 (0.531915)
SVM: 0.011049 0.001953 (0.531915)
SVM: 0.011049 0.002762 (0.531915)
SVM: 0.011049 0.003906 (0.531915)
SVM: 0.011049 0.005524 (0.531915)
SVM: 0.011049 0.007812 (0.531915)
SVM: 0.011049 0.011049 (0.531915)
SVM: 0.011049 0.015625 (0.531915)
SVM: 0.011049 0.022097 (0.531915)
SVM: 0.011049 0.031250 (0.508865)
SVM: 0.011049 0.044194 (0.495035)
SVM: 0.011049 0.062500 (0.483333)
SVM: 0.011049 0.088388 (0.480496)
SVM: 0.011049 0.125000 (0.492553)
SVM: 0.011049 0.176777 (0.506738)
SVM: 0.011049 0.250000 (0.509220)
SVM: 0.011049 0.353553 (0.506738)
SVM: 0.011049 0.500000 (0.508511)
SVM: 0.011049 0.707107 (0.513830)
SVM: 0.011049 1.000000 (0.522695)
SVM: 0.011049 1.414214 (0.524113)
SVM: 0.011049 2.000000 (0.524468)
SVM: 0.011049 2.828427 (0.525177)
SVM: 0.011049 4.000000 (0.530496)
SVM: 0.011049 5.656854 (0.423404)
SVM: 0.011049 8.000000 (0.375887)
SVM: 0.011049 11.313708 (0.468085)
SVM: 0.011049 16.000000 (0.468085)
SVM: 0.011049 22.627417 (0.468085)
SVM: 0.011049 32.000000 (0.468085)
SVM: 0.011049 45.254834 (0.531915)
SVM: 0.011049 64.000000 (0.531915)
SVM: 0.011049 90.509668 (0.531915)
SVM: 0.011049 128.000000 (0.531915)
SVM: 0.011049 181.019336 (0.531915)
SVM: 0.011049 256.000000 (0.531915)
SVM: 0.011049 362.038672 (0.531915)
SVM: 0.011049 512.000000 (0.531915)
SVM: 0.011049 724.077344 (0.531915)
SVM: 0.011049 1024.000000 (0.531915)
SVM: 0.015625 0.000977 (0.468085)
SVM: 0.015625 0.001381 (0.468085)
SVM: 0.015625 0.001953 (0.468085)
SVM: 0.015625 0.002762 (0.468085)
SVM: 0.015625 0.003906 (0.468085)
SVM: 0.015625 0.005524 (0.468085)
SVM: 0.015625 0.007812 (0.468085)
SVM: 0.015625 0.011049 (0.468085)
SVM: 0.015625 0.015625 (0.468085)
SVM: 0.015625 0.022097 (0.468085)
SVM: 0.015625 0.031250 (0.440071)
SVM: 0.015625 0.044194 (0.478369)
SVM: 0.015625 0.062500 (0.482270)
SVM: 0.015625 0.088388 (0.480142)
SVM: 0.015625 0.125000 (0.500709)
SVM: 0.015625 0.176777 (0.510638)
SVM: 0.015625 0.250000 (0.506738)
SVM: 0.015625 0.353553 (0.507801)
SVM: 0.015625 0.500000 (0.510284)
SVM: 0.015625 0.707107 (0.513121)
SVM: 0.015625 1.000000 (0.516667)
SVM: 0.015625 1.414214 (0.523050)
SVM: 0.015625 2.000000 (0.522340)
SVM: 0.015625 2.828427 (0.524823)
SVM: 0.015625 4.000000 (0.526596)
SVM: 0.015625 5.656854 (0.470213)
SVM: 0.015625 8.000000 (0.373404)
SVM: 0.015625 11.313708 (0.467376)
SVM: 0.015625 16.000000 (0.468085)
SVM: 0.015625 22.627417 (0.468085)
SVM: 0.015625 32.000000 (0.468085)
SVM: 0.015625 45.254834 (0.468085)
SVM: 0.015625 64.000000 (0.468085)
SVM: 0.015625 90.509668 (0.468085)
SVM: 0.015625 128.000000 (0.468085)
SVM: 0.015625 181.019336 (0.468085)
SVM: 0.015625 256.000000 (0.468085)
SVM: 0.015625 362.038672 (0.468085)
SVM: 0.015625 512.000000 (0.468085)
SVM: 0.015625 724.077344 (0.468085)
SVM: 0.015625 1024.000000 (0.468085)
SVM: 0.022097 0.000977 (0.531915)
SVM: 0.022097 0.001381 (0.531915)
SVM: 0.022097 0.001953 (0.531915)
SVM: 0.022097 0.002762 (0.531915)
SVM: 0.022097 0.003906 (0.531915)
SVM: 0.022097 0.005524 (0.531915)
SVM: 0.022097 0.007812 (0.531915)
SVM: 0.022097 0.011049 (0.529433)
SVM: 0.022097 0.015625 (0.509574)
SVM: 0.022097 0.022097 (0.487589)
SVM: 0.022097 0.031250 (0.480496)
SVM: 0.022097 0.044194 (0.484397)
SVM: 0.022097 0.062500 (0.479433)
SVM: 0.022097 0.088388 (0.490071)
SVM: 0.022097 0.125000 (0.506028)
SVM: 0.022097 0.176777 (0.510993)
SVM: 0.022097 0.250000 (0.506383)
SVM: 0.022097 0.353553 (0.507801)
SVM: 0.022097 0.500000 (0.506383)
SVM: 0.022097 0.707107 (0.508865)
SVM: 0.022097 1.000000 (0.511348)
SVM: 0.022097 1.414214 (0.518794)
SVM: 0.022097 2.000000 (0.524823)
SVM: 0.022097 2.828427 (0.530496)
SVM: 0.022097 4.000000 (0.530496)
SVM: 0.022097 5.656854 (0.526596)
SVM: 0.022097 8.000000 (0.436170)
SVM: 0.022097 11.313708 (0.400000)
SVM: 0.022097 16.000000 (0.468085)
SVM: 0.022097 22.627417 (0.468085)
SVM: 0.022097 32.000000 (0.468085)
SVM: 0.022097 45.254834 (0.531915)
SVM: 0.022097 64.000000 (0.531915)
SVM: 0.022097 90.509668 (0.531915)
SVM: 0.022097 128.000000 (0.531915)
SVM: 0.022097 181.019336 (0.531915)
SVM: 0.022097 256.000000 (0.531915)
SVM: 0.022097 362.038672 (0.531915)
SVM: 0.022097 512.000000 (0.531915)
SVM: 0.022097 724.077344 (0.531915)
SVM: 0.022097 1024.000000 (0.531915)
SVM: 0.031250 0.000977 (0.468085)
SVM: 0.031250 0.001381 (0.468085)
SVM: 0.031250 0.001953 (0.468085)
SVM: 0.031250 0.002762 (0.468085)
SVM: 0.031250 0.003906 (0.468085)
SVM: 0.031250 0.005524 (0.468085)
SVM: 0.031250 0.007812 (0.468085)
SVM: 0.031250 0.011049 (0.468085)
SVM: 0.031250 0.015625 (0.461348)
SVM: 0.031250 0.022097 (0.483688)
SVM: 0.031250 0.031250 (0.484043)
SVM: 0.031250 0.044194 (0.480496)
SVM: 0.031250 0.062500 (0.481560)
SVM: 0.031250 0.088388 (0.500000)
SVM: 0.031250 0.125000 (0.508156)
SVM: 0.031250 0.176777 (0.511348)
SVM: 0.031250 0.250000 (0.507801)
SVM: 0.031250 0.353553 (0.510638)
SVM: 0.031250 0.500000 (0.500355)
SVM: 0.031250 0.707107 (0.500709)
SVM: 0.031250 1.000000 (0.507801)
SVM: 0.031250 1.414214 (0.514894)
SVM: 0.031250 2.000000 (0.530496)
SVM: 0.031250 2.828427 (0.531206)
SVM: 0.031250 4.000000 (0.531915)
SVM: 0.031250 5.656854 (0.531560)
SVM: 0.031250 8.000000 (0.531206)
SVM: 0.031250 11.313708 (0.414894)
SVM: 0.031250 16.000000 (0.464894)
SVM: 0.031250 22.627417 (0.468085)
SVM: 0.031250 32.000000 (0.468085)
SVM: 0.031250 45.254834 (0.531915)
SVM: 0.031250 64.000000 (0.531915)
SVM: 0.031250 90.509668 (0.531915)
SVM: 0.031250 128.000000 (0.468085)
SVM: 0.031250 181.019336 (0.468085)
SVM: 0.031250 256.000000 (0.468085)
SVM: 0.031250 362.038672 (0.468085)
SVM: 0.031250 512.000000 (0.468085)
SVM: 0.031250 724.077344 (0.468085)
SVM: 0.031250 1024.000000 (0.468085)
SVM: 0.044194 0.000977 (0.531915)
SVM: 0.044194 0.001381 (0.531915)
SVM: 0.044194 0.001953 (0.531915)
SVM: 0.044194 0.002762 (0.531915)
SVM: 0.044194 0.003906 (0.531915)
SVM: 0.044194 0.005524 (0.513830)
SVM: 0.044194 0.007812 (0.504965)
SVM: 0.044194 0.011049 (0.483333)
SVM: 0.044194 0.015625 (0.483333)
SVM: 0.044194 0.022097 (0.484397)
SVM: 0.044194 0.031250 (0.483333)
SVM: 0.044194 0.044194 (0.480142)
SVM: 0.044194 0.062500 (0.487234)
SVM: 0.044194 0.088388 (0.503191)
SVM: 0.044194 0.125000 (0.510638)
SVM: 0.044194 0.176777 (0.509574)
SVM: 0.044194 0.250000 (0.508156)
SVM: 0.044194 0.353553 (0.503546)
SVM: 0.044194 0.500000 (0.497163)
SVM: 0.044194 0.707107 (0.498936)
SVM: 0.044194 1.000000 (0.503546)
SVM: 0.044194 1.414214 (0.512411)
SVM: 0.044194 2.000000 (0.530142)
SVM: 0.044194 2.828427 (0.531915)
SVM: 0.044194 4.000000 (0.531915)
SVM: 0.044194 5.656854 (0.531915)
SVM: 0.044194 8.000000 (0.531915)
SVM: 0.044194 11.313708 (0.531915)
SVM: 0.044194 16.000000 (0.531915)
SVM: 0.044194 22.627417 (0.454965)
SVM: 0.044194 32.000000 (0.468085)
SVM: 0.044194 45.254834 (0.531915)
SVM: 0.044194 64.000000 (0.531915)
SVM: 0.044194 90.509668 (0.531915)
SVM: 0.044194 128.000000 (0.531915)
SVM: 0.044194 181.019336 (0.531915)
SVM: 0.044194 256.000000 (0.531915)
SVM: 0.044194 362.038672 (0.531915)
SVM: 0.044194 512.000000 (0.531915)
SVM: 0.044194 724.077344 (0.531915)
SVM: 0.044194 1024.000000 (0.531915)
SVM: 0.062500 0.000977 (0.468085)
SVM: 0.062500 0.001381 (0.468085)
SVM: 0.062500 0.001953 (0.468085)
SVM: 0.062500 0.002762 (0.468085)
SVM: 0.062500 0.003906 (0.468085)
SVM: 0.062500 0.005524 (0.468085)
SVM: 0.062500 0.007812 (0.471631)
SVM: 0.062500 0.011049 (0.483688)
SVM: 0.062500 0.015625 (0.484043)
SVM: 0.062500 0.022097 (0.485106)
SVM: 0.062500 0.031250 (0.479433)
SVM: 0.062500 0.044194 (0.485461)
SVM: 0.062500 0.062500 (0.500000)
SVM: 0.062500 0.088388 (0.508511)
SVM: 0.062500 0.125000 (0.509220)
SVM: 0.062500 0.176777 (0.506738)
SVM: 0.062500 0.250000 (0.501773)
SVM: 0.062500 0.353553 (0.500709)
SVM: 0.062500 0.500000 (0.497518)
SVM: 0.062500 0.707107 (0.490780)
SVM: 0.062500 1.000000 (0.500709)
SVM: 0.062500 1.414214 (0.511348)
SVM: 0.062500 2.000000 (0.529078)
SVM: 0.062500 2.828427 (0.531915)
SVM: 0.062500 4.000000 (0.531915)
SVM: 0.062500 5.656854 (0.531915)
SVM: 0.062500 8.000000 (0.531915)
SVM: 0.062500 11.313708 (0.531915)
SVM: 0.062500 16.000000 (0.531915)
SVM: 0.062500 22.627417 (0.531915)
SVM: 0.062500 32.000000 (0.531915)
SVM: 0.062500 45.254834 (0.531915)
SVM: 0.062500 64.000000 (0.531915)
SVM: 0.062500 90.509668 (0.531915)
SVM: 0.062500 128.000000 (0.531915)
SVM: 0.062500 181.019336 (0.531915)
SVM: 0.062500 256.000000 (0.468085)
SVM: 0.062500 362.038672 (0.468085)
SVM: 0.062500 512.000000 (0.468085)
SVM: 0.062500 724.077344 (0.468085)
SVM: 0.062500 1024.000000 (0.468085)
SVM: 0.088388 0.000977 (0.531915)
SVM: 0.088388 0.001381 (0.531915)
SVM: 0.088388 0.001953 (0.531915)
SVM: 0.088388 0.002762 (0.510284)
SVM: 0.088388 0.003906 (0.500709)
SVM: 0.088388 0.005524 (0.477305)
SVM: 0.088388 0.007812 (0.484043)
SVM: 0.088388 0.011049 (0.484752)
SVM: 0.088388 0.015625 (0.484397)
SVM: 0.088388 0.022097 (0.482624)
SVM: 0.088388 0.031250 (0.485461)
SVM: 0.088388 0.044194 (0.492199)
SVM: 0.088388 0.062500 (0.504965)
SVM: 0.088388 0.088388 (0.507801)
SVM: 0.088388 0.125000 (0.504255)
SVM: 0.088388 0.176777 (0.498582)
SVM: 0.088388 0.250000 (0.497872)
SVM: 0.088388 0.353553 (0.496099)
SVM: 0.088388 0.500000 (0.489716)
SVM: 0.088388 0.707107 (0.482624)
SVM: 0.088388 1.000000 (0.498227)
SVM: 0.088388 1.414214 (0.510638)
SVM: 0.088388 2.000000 (0.530142)
SVM: 0.088388 2.828427 (0.531915)
SVM: 0.088388 4.000000 (0.531915)
SVM: 0.088388 5.656854 (0.531915)
SVM: 0.088388 8.000000 (0.531915)
SVM: 0.088388 11.313708 (0.531915)
SVM: 0.088388 16.000000 (0.531915)
SVM: 0.088388 22.627417 (0.531915)
SVM: 0.088388 32.000000 (0.531915)
SVM: 0.088388 45.254834 (0.531915)
SVM: 0.088388 64.000000 (0.531915)
SVM: 0.088388 90.509668 (0.531915)
SVM: 0.088388 128.000000 (0.531915)
SVM: 0.088388 181.019336 (0.531915)
SVM: 0.088388 256.000000 (0.531915)
SVM: 0.088388 362.038672 (0.531915)
SVM: 0.088388 512.000000 (0.531915)
SVM: 0.088388 724.077344 (0.531915)
SVM: 0.088388 1024.000000 (0.531915)
SVM: 0.125000 0.000977 (0.468085)
SVM: 0.125000 0.001381 (0.468085)
SVM: 0.125000 0.001953 (0.468085)
SVM: 0.125000 0.002762 (0.468085)
SVM: 0.125000 0.003906 (0.475177)
SVM: 0.125000 0.005524 (0.484043)
SVM: 0.125000 0.007812 (0.484752)
SVM: 0.125000 0.011049 (0.485461)
SVM: 0.125000 0.015625 (0.483688)
SVM: 0.125000 0.022097 (0.483333)
SVM: 0.125000 0.031250 (0.488298)
SVM: 0.125000 0.044194 (0.502128)
SVM: 0.125000 0.062500 (0.506738)
SVM: 0.125000 0.088388 (0.505319)
SVM: 0.125000 0.125000 (0.498582)
SVM: 0.125000 0.176777 (0.495035)
SVM: 0.125000 0.250000 (0.493617)
SVM: 0.125000 0.353553 (0.493617)
SVM: 0.125000 0.500000 (0.478723)
SVM: 0.125000 0.707107 (0.487234)
SVM: 0.125000 1.000000 (0.499291)
SVM: 0.125000 1.414214 (0.512411)
SVM: 0.125000 2.000000 (0.528369)
SVM: 0.125000 2.828427 (0.531915)
SVM: 0.125000 4.000000 (0.531915)
SVM: 0.125000 5.656854 (0.531915)
SVM: 0.125000 8.000000 (0.531915)
SVM: 0.125000 11.313708 (0.531915)
SVM: 0.125000 16.000000 (0.531915)
SVM: 0.125000 22.627417 (0.531915)
SVM: 0.125000 32.000000 (0.531915)
SVM: 0.125000 45.254834 (0.531915)
SVM: 0.125000 64.000000 (0.531915)
SVM: 0.125000 90.509668 (0.531915)
SVM: 0.125000 128.000000 (0.531915)
SVM: 0.125000 181.019336 (0.531915)
SVM: 0.125000 256.000000 (0.531915)
SVM: 0.125000 362.038672 (0.531915)
SVM: 0.125000 512.000000 (0.531915)
SVM: 0.125000 724.077344 (0.531915)
SVM: 0.125000 1024.000000 (0.531915)
SVM: 0.176777 0.000977 (0.531915)
SVM: 0.176777 0.001381 (0.509574)
SVM: 0.176777 0.001953 (0.498227)
SVM: 0.176777 0.002762 (0.479433)
SVM: 0.176777 0.003906 (0.484397)
SVM: 0.176777 0.005524 (0.484752)
SVM: 0.176777 0.007812 (0.487234)
SVM: 0.176777 0.011049 (0.485106)
SVM: 0.176777 0.015625 (0.482270)
SVM: 0.176777 0.022097 (0.487943)
SVM: 0.176777 0.031250 (0.496454)
SVM: 0.176777 0.044194 (0.507801)
SVM: 0.176777 0.062500 (0.502837)
SVM: 0.176777 0.088388 (0.498936)
SVM: 0.176777 0.125000 (0.494326)
SVM: 0.176777 0.176777 (0.492908)
SVM: 0.176777 0.250000 (0.491135)
SVM: 0.176777 0.353553 (0.479787)
SVM: 0.176777 0.500000 (0.479078)
SVM: 0.176777 0.707107 (0.488652)
SVM: 0.176777 1.000000 (0.498936)
SVM: 0.176777 1.414214 (0.511702)
SVM: 0.176777 2.000000 (0.528369)
SVM: 0.176777 2.828427 (0.531915)
SVM: 0.176777 4.000000 (0.531915)
SVM: 0.176777 5.656854 (0.531915)
SVM: 0.176777 8.000000 (0.531915)
SVM: 0.176777 11.313708 (0.531915)
SVM: 0.176777 16.000000 (0.531915)
SVM: 0.176777 22.627417 (0.531915)
SVM: 0.176777 32.000000 (0.531915)
SVM: 0.176777 45.254834 (0.531915)
SVM: 0.176777 64.000000 (0.531915)
SVM: 0.176777 90.509668 (0.531915)
SVM: 0.176777 128.000000 (0.531915)
SVM: 0.176777 181.019336 (0.531915)
SVM: 0.176777 256.000000 (0.531915)
SVM: 0.176777 362.038672 (0.531915)
SVM: 0.176777 512.000000 (0.531915)
SVM: 0.176777 724.077344 (0.531915)
SVM: 0.176777 1024.000000 (0.531915)
SVM: 0.250000 0.000977 (0.468085)
SVM: 0.250000 0.001381 (0.468085)
SVM: 0.250000 0.001953 (0.477305)
SVM: 0.250000 0.002762 (0.483333)
SVM: 0.250000 0.003906 (0.485106)
SVM: 0.250000 0.005524 (0.487589)
SVM: 0.250000 0.007812 (0.485106)
SVM: 0.250000 0.011049 (0.484397)
SVM: 0.250000 0.015625 (0.486170)
SVM: 0.250000 0.022097 (0.490780)
SVM: 0.250000 0.031250 (0.501773)
SVM: 0.250000 0.044194 (0.502482)
SVM: 0.250000 0.062500 (0.496099)
SVM: 0.250000 0.088388 (0.493617)
SVM: 0.250000 0.125000 (0.490071)
SVM: 0.250000 0.176777 (0.485461)
SVM: 0.250000 0.250000 (0.478723)
SVM: 0.250000 0.353553 (0.475177)
SVM: 0.250000 0.500000 (0.485106)
SVM: 0.250000 0.707107 (0.493972)
SVM: 0.250000 1.000000 (0.497872)
SVM: 0.250000 1.414214 (0.513830)
SVM: 0.250000 2.000000 (0.528369)
SVM: 0.250000 2.828427 (0.531915)
SVM: 0.250000 4.000000 (0.531915)
SVM: 0.250000 5.656854 (0.531915)
SVM: 0.250000 8.000000 (0.531915)
SVM: 0.250000 11.313708 (0.531915)
SVM: 0.250000 16.000000 (0.531915)
SVM: 0.250000 22.627417 (0.531915)
SVM: 0.250000 32.000000 (0.531915)
SVM: 0.250000 45.254834 (0.531915)
SVM: 0.250000 64.000000 (0.531915)
SVM: 0.250000 90.509668 (0.531915)
SVM: 0.250000 128.000000 (0.531915)
SVM: 0.250000 181.019336 (0.531915)
SVM: 0.250000 256.000000 (0.531915)
SVM: 0.250000 362.038672 (0.531915)
SVM: 0.250000 512.000000 (0.531915)
SVM: 0.250000 724.077344 (0.531915)
SVM: 0.250000 1024.000000 (0.531915)
SVM: 0.353553 0.000977 (0.497518)
SVM: 0.353553 0.001381 (0.479787)
SVM: 0.353553 0.001953 (0.483333)
SVM: 0.353553 0.002762 (0.485106)
SVM: 0.353553 0.003906 (0.487943)
SVM: 0.353553 0.005524 (0.486170)
SVM: 0.353553 0.007812 (0.483333)
SVM: 0.353553 0.011049 (0.486525)
SVM: 0.353553 0.015625 (0.490071)
SVM: 0.353553 0.022097 (0.497163)
SVM: 0.353553 0.031250 (0.502837)
SVM: 0.353553 0.044194 (0.495390)
SVM: 0.353553 0.062500 (0.491844)
SVM: 0.353553 0.088388 (0.485461)
SVM: 0.353553 0.125000 (0.484397)
SVM: 0.353553 0.176777 (0.476950)
SVM: 0.353553 0.250000 (0.471986)
SVM: 0.353553 0.353553 (0.480851)
SVM: 0.353553 0.500000 (0.490426)
SVM: 0.353553 0.707107 (0.495745)
SVM: 0.353553 1.000000 (0.498582)
SVM: 0.353553 1.414214 (0.515248)
SVM: 0.353553 2.000000 (0.528014)
SVM: 0.353553 2.828427 (0.531915)
SVM: 0.353553 4.000000 (0.531915)
SVM: 0.353553 5.656854 (0.531915)
SVM: 0.353553 8.000000 (0.531915)
SVM: 0.353553 11.313708 (0.531915)
SVM: 0.353553 16.000000 (0.531915)
SVM: 0.353553 22.627417 (0.531915)
SVM: 0.353553 32.000000 (0.531915)
SVM: 0.353553 45.254834 (0.531915)
SVM: 0.353553 64.000000 (0.531915)
SVM: 0.353553 90.509668 (0.531915)
SVM: 0.353553 128.000000 (0.531915)
SVM: 0.353553 181.019336 (0.531915)
SVM: 0.353553 256.000000 (0.531915)
SVM: 0.353553 362.038672 (0.531915)
SVM: 0.353553 512.000000 (0.531915)
SVM: 0.353553 724.077344 (0.531915)
SVM: 0.353553 1024.000000 (0.531915)
SVM: 0.500000 0.000977 (0.478369)
SVM: 0.500000 0.001381 (0.482979)
SVM: 0.500000 0.001953 (0.485106)
SVM: 0.500000 0.002762 (0.487589)
SVM: 0.500000 0.003906 (0.487589)
SVM: 0.500000 0.005524 (0.483688)
SVM: 0.500000 0.007812 (0.486525)
SVM: 0.500000 0.011049 (0.488298)
SVM: 0.500000 0.015625 (0.493262)
SVM: 0.500000 0.022097 (0.500000)
SVM: 0.500000 0.031250 (0.493972)
SVM: 0.500000 0.044194 (0.490780)
SVM: 0.500000 0.062500 (0.483688)
SVM: 0.500000 0.088388 (0.479078)
SVM: 0.500000 0.125000 (0.470213)
SVM: 0.500000 0.176777 (0.471277)
SVM: 0.500000 0.250000 (0.474468)
SVM: 0.500000 0.353553 (0.487234)
SVM: 0.500000 0.500000 (0.491844)
SVM: 0.500000 0.707107 (0.495390)
SVM: 0.500000 1.000000 (0.503901)
SVM: 0.500000 1.414214 (0.519149)
SVM: 0.500000 2.000000 (0.528369)
SVM: 0.500000 2.828427 (0.531915)
SVM: 0.500000 4.000000 (0.531915)
SVM: 0.500000 5.656854 (0.531915)
SVM: 0.500000 8.000000 (0.531915)
SVM: 0.500000 11.313708 (0.531915)
SVM: 0.500000 16.000000 (0.531915)
SVM: 0.500000 22.627417 (0.531915)
SVM: 0.500000 32.000000 (0.531915)
SVM: 0.500000 45.254834 (0.531915)
SVM: 0.500000 64.000000 (0.531915)
SVM: 0.500000 90.509668 (0.531915)
SVM: 0.500000 128.000000 (0.531915)
SVM: 0.500000 181.019336 (0.531915)
SVM: 0.500000 256.000000 (0.531915)
SVM: 0.500000 362.038672 (0.531915)
SVM: 0.500000 512.000000 (0.531915)
SVM: 0.500000 724.077344 (0.531915)
SVM: 0.500000 1024.000000 (0.531915)
SVM: 0.707107 0.000977 (0.482979)
SVM: 0.707107 0.001381 (0.485106)
SVM: 0.707107 0.001953 (0.486879)
SVM: 0.707107 0.002762 (0.487589)
SVM: 0.707107 0.003906 (0.484043)
SVM: 0.707107 0.005524 (0.487234)
SVM: 0.707107 0.007812 (0.488652)
SVM: 0.707107 0.011049 (0.488298)
SVM: 0.707107 0.015625 (0.496809)
SVM: 0.707107 0.022097 (0.493972)
SVM: 0.707107 0.031250 (0.490071)
SVM: 0.707107 0.044194 (0.483688)
SVM: 0.707107 0.062500 (0.479433)
SVM: 0.707107 0.088388 (0.469149)
SVM: 0.707107 0.125000 (0.468794)
SVM: 0.707107 0.176777 (0.467376)
SVM: 0.707107 0.250000 (0.483333)
SVM: 0.707107 0.353553 (0.489362)
SVM: 0.707107 0.500000 (0.493262)
SVM: 0.707107 0.707107 (0.500709)
SVM: 0.707107 1.000000 (0.509929)
SVM: 0.707107 1.414214 (0.522340)
SVM: 0.707107 2.000000 (0.529078)
SVM: 0.707107 2.828427 (0.531915)
SVM: 0.707107 4.000000 (0.531915)
SVM: 0.707107 5.656854 (0.531915)
SVM: 0.707107 8.000000 (0.531915)
SVM: 0.707107 11.313708 (0.531915)
SVM: 0.707107 16.000000 (0.531915)
SVM: 0.707107 22.627417 (0.531915)
SVM: 0.707107 32.000000 (0.531915)
SVM: 0.707107 45.254834 (0.531915)
SVM: 0.707107 64.000000 (0.531915)
SVM: 0.707107 90.509668 (0.531915)
SVM: 0.707107 128.000000 (0.531915)
SVM: 0.707107 181.019336 (0.531915)
SVM: 0.707107 256.000000 (0.531915)
SVM: 0.707107 362.038672 (0.531915)
SVM: 0.707107 512.000000 (0.531915)
SVM: 0.707107 724.077344 (0.531915)
SVM: 0.707107 1024.000000 (0.531915)
SVM: 1.000000 0.000977 (0.485106)
SVM: 1.000000 0.001381 (0.486525)
SVM: 1.000000 0.001953 (0.487234)
SVM: 1.000000 0.002762 (0.484752)
SVM: 1.000000 0.003906 (0.487234)
SVM: 1.000000 0.005524 (0.486879)
SVM: 1.000000 0.007812 (0.487234)
SVM: 1.000000 0.011049 (0.493617)
SVM: 1.000000 0.015625 (0.495035)
SVM: 1.000000 0.022097 (0.490071)
SVM: 1.000000 0.031250 (0.484397)
SVM: 1.000000 0.044194 (0.478723)
SVM: 1.000000 0.062500 (0.471986)
SVM: 1.000000 0.088388 (0.461348)
SVM: 1.000000 0.125000 (0.461348)
SVM: 1.000000 0.176777 (0.476241)
SVM: 1.000000 0.250000 (0.488298)
SVM: 1.000000 0.353553 (0.494326)
SVM: 1.000000 0.500000 (0.497518)
SVM: 1.000000 0.707107 (0.506738)
SVM: 1.000000 1.000000 (0.516312)
SVM: 1.000000 1.414214 (0.525177)
SVM: 1.000000 2.000000 (0.531206)
SVM: 1.000000 2.828427 (0.531915)
SVM: 1.000000 4.000000 (0.531915)
SVM: 1.000000 5.656854 (0.531915)
SVM: 1.000000 8.000000 (0.531915)
SVM: 1.000000 11.313708 (0.531915)
SVM: 1.000000 16.000000 (0.531915)
SVM: 1.000000 22.627417 (0.531915)
SVM: 1.000000 32.000000 (0.531915)
SVM: 1.000000 45.254834 (0.531915)
SVM: 1.000000 64.000000 (0.531915)
SVM: 1.000000 90.509668 (0.531915)
SVM: 1.000000 128.000000 (0.531915)
SVM: 1.000000 181.019336 (0.531915)
SVM: 1.000000 256.000000 (0.531915)
SVM: 1.000000 362.038672 (0.531915)
SVM: 1.000000 512.000000 (0.531915)
SVM: 1.000000 724.077344 (0.531915)
SVM: 1.000000 1024.000000 (0.531915)
SVM: 1.414214 0.000977 (0.486525)
SVM: 1.414214 0.001381 (0.487943)
SVM: 1.414214 0.001953 (0.484752)
SVM: 1.414214 0.002762 (0.486879)
SVM: 1.414214 0.003906 (0.487589)
SVM: 1.414214 0.005524 (0.487234)
SVM: 1.414214 0.007812 (0.491135)
SVM: 1.414214 0.011049 (0.492908)
SVM: 1.414214 0.015625 (0.489716)
SVM: 1.414214 0.022097 (0.483688)
SVM: 1.414214 0.031250 (0.478723)
SVM: 1.414214 0.044194 (0.471986)
SVM: 1.414214 0.062500 (0.459929)
SVM: 1.414214 0.088388 (0.456028)
SVM: 1.414214 0.125000 (0.468085)
SVM: 1.414214 0.176777 (0.485816)
SVM: 1.414214 0.250000 (0.493262)
SVM: 1.414214 0.353553 (0.502128)
SVM: 1.414214 0.500000 (0.506738)
SVM: 1.414214 0.707107 (0.509929)
SVM: 1.414214 1.000000 (0.517376)
SVM: 1.414214 1.414214 (0.528014)
SVM: 1.414214 2.000000 (0.531206)
SVM: 1.414214 2.828427 (0.531915)
SVM: 1.414214 4.000000 (0.531915)
SVM: 1.414214 5.656854 (0.531915)
SVM: 1.414214 8.000000 (0.531915)
SVM: 1.414214 11.313708 (0.531915)
SVM: 1.414214 16.000000 (0.531915)
SVM: 1.414214 22.627417 (0.531915)
SVM: 1.414214 32.000000 (0.531915)
SVM: 1.414214 45.254834 (0.531915)
SVM: 1.414214 64.000000 (0.531915)
SVM: 1.414214 90.509668 (0.531915)
SVM: 1.414214 128.000000 (0.531915)
SVM: 1.414214 181.019336 (0.531915)
SVM: 1.414214 256.000000 (0.531915)
SVM: 1.414214 362.038672 (0.531915)
SVM: 1.414214 512.000000 (0.531915)
SVM: 1.414214 724.077344 (0.531915)
SVM: 1.414214 1024.000000 (0.531915)
SVM: 2.000000 0.000977 (0.487943)
SVM: 2.000000 0.001381 (0.485106)
SVM: 2.000000 0.001953 (0.486879)
SVM: 2.000000 0.002762 (0.487943)
SVM: 2.000000 0.003906 (0.486525)
SVM: 2.000000 0.005524 (0.490071)
SVM: 2.000000 0.007812 (0.489716)
SVM: 2.000000 0.011049 (0.489007)
SVM: 2.000000 0.015625 (0.484043)
SVM: 2.000000 0.022097 (0.477660)
SVM: 2.000000 0.031250 (0.471986)
SVM: 2.000000 0.044194 (0.460993)
SVM: 2.000000 0.062500 (0.453546)
SVM: 2.000000 0.088388 (0.462057)
SVM: 2.000000 0.125000 (0.482270)
SVM: 2.000000 0.176777 (0.491489)
SVM: 2.000000 0.250000 (0.502837)
SVM: 2.000000 0.353553 (0.505674)
SVM: 2.000000 0.500000 (0.508511)
SVM: 2.000000 0.707107 (0.515248)
SVM: 2.000000 1.000000 (0.520922)
SVM: 2.000000 1.414214 (0.529433)
SVM: 2.000000 2.000000 (0.531560)
SVM: 2.000000 2.828427 (0.531915)
SVM: 2.000000 4.000000 (0.531915)
SVM: 2.000000 5.656854 (0.532624)
SVM: 2.000000 8.000000 (0.531915)
SVM: 2.000000 11.313708 (0.531915)
SVM: 2.000000 16.000000 (0.531915)
SVM: 2.000000 22.627417 (0.531915)
SVM: 2.000000 32.000000 (0.531915)
SVM: 2.000000 45.254834 (0.531915)
SVM: 2.000000 64.000000 (0.531915)
SVM: 2.000000 90.509668 (0.531915)
SVM: 2.000000 128.000000 (0.531915)
SVM: 2.000000 181.019336 (0.531915)
SVM: 2.000000 256.000000 (0.531915)
SVM: 2.000000 362.038672 (0.531915)
SVM: 2.000000 512.000000 (0.531915)
SVM: 2.000000 724.077344 (0.531915)
SVM: 2.000000 1024.000000 (0.531915)
SVM: 2.828427 0.000977 (0.485106)
SVM: 2.828427 0.001381 (0.487589)
SVM: 2.828427 0.001953 (0.487589)
SVM: 2.828427 0.002762 (0.486170)
SVM: 2.828427 0.003906 (0.488298)
SVM: 2.828427 0.005524 (0.489362)
SVM: 2.828427 0.007812 (0.487589)
SVM: 2.828427 0.011049 (0.484752)
SVM: 2.828427 0.015625 (0.479787)
SVM: 2.828427 0.022097 (0.471986)
SVM: 2.828427 0.031250 (0.464184)
SVM: 2.828427 0.044194 (0.451418)
SVM: 2.828427 0.062500 (0.456383)
SVM: 2.828427 0.088388 (0.480142)
SVM: 2.828427 0.125000 (0.489362)
SVM: 2.828427 0.176777 (0.502837)
SVM: 2.828427 0.250000 (0.508865)
SVM: 2.828427 0.353553 (0.508156)
SVM: 2.828427 0.500000 (0.511702)
SVM: 2.828427 0.707107 (0.515603)
SVM: 2.828427 1.000000 (0.523759)
SVM: 2.828427 1.414214 (0.530142)
SVM: 2.828427 2.000000 (0.531560)
SVM: 2.828427 2.828427 (0.531915)
SVM: 2.828427 4.000000 (0.531915)
SVM: 2.828427 5.656854 (0.540426)
SVM: 2.828427 8.000000 (0.531915)
SVM: 2.828427 11.313708 (0.531915)
SVM: 2.828427 16.000000 (0.531915)
SVM: 2.828427 22.627417 (0.531915)
SVM: 2.828427 32.000000 (0.531915)
SVM: 2.828427 45.254834 (0.531915)
SVM: 2.828427 64.000000 (0.531915)
SVM: 2.828427 90.509668 (0.531915)
SVM: 2.828427 128.000000 (0.531915)
SVM: 2.828427 181.019336 (0.531915)
SVM: 2.828427 256.000000 (0.531915)
SVM: 2.828427 362.038672 (0.531915)
SVM: 2.828427 512.000000 (0.531915)
SVM: 2.828427 724.077344 (0.531915)
SVM: 2.828427 1024.000000 (0.531915)
SVM: 4.000000 0.000977 (0.487589)
SVM: 4.000000 0.001381 (0.487234)
SVM: 4.000000 0.001953 (0.486170)
SVM: 4.000000 0.002762 (0.487234)
SVM: 4.000000 0.003906 (0.489007)
SVM: 4.000000 0.005524 (0.485106)
SVM: 4.000000 0.007812 (0.481560)
SVM: 4.000000 0.011049 (0.476596)
SVM: 4.000000 0.015625 (0.474113)
SVM: 4.000000 0.022097 (0.464184)
SVM: 4.000000 0.031250 (0.452128)
SVM: 4.000000 0.044194 (0.456028)
SVM: 4.000000 0.062500 (0.471986)
SVM: 4.000000 0.088388 (0.487943)
SVM: 4.000000 0.125000 (0.502837)
SVM: 4.000000 0.176777 (0.509929)
SVM: 4.000000 0.250000 (0.510638)
SVM: 4.000000 0.353553 (0.508511)
SVM: 4.000000 0.500000 (0.512411)
SVM: 4.000000 0.707107 (0.517021)
SVM: 4.000000 1.000000 (0.527660)
SVM: 4.000000 1.414214 (0.530851)
SVM: 4.000000 2.000000 (0.531560)
SVM: 4.000000 2.828427 (0.532270)
SVM: 4.000000 4.000000 (0.537943)
SVM: 4.000000 5.656854 (0.537589)
SVM: 4.000000 8.000000 (0.531915)
SVM: 4.000000 11.313708 (0.531915)
SVM: 4.000000 16.000000 (0.531915)
SVM: 4.000000 22.627417 (0.531915)
SVM: 4.000000 32.000000 (0.531915)
SVM: 4.000000 45.254834 (0.531915)
SVM: 4.000000 64.000000 (0.531915)
SVM: 4.000000 90.509668 (0.531915)
SVM: 4.000000 128.000000 (0.531915)
SVM: 4.000000 181.019336 (0.531915)
SVM: 4.000000 256.000000 (0.531915)
SVM: 4.000000 362.038672 (0.531915)
SVM: 4.000000 512.000000 (0.531915)
SVM: 4.000000 724.077344 (0.531915)
SVM: 4.000000 1024.000000 (0.531915)
SVM: 5.656854 0.000977 (0.487234)
SVM: 5.656854 0.001381 (0.485816)
SVM: 5.656854 0.001953 (0.485106)
SVM: 5.656854 0.002762 (0.488298)
SVM: 5.656854 0.003906 (0.483333)
SVM: 5.656854 0.005524 (0.480142)
SVM: 5.656854 0.007812 (0.471986)
SVM: 5.656854 0.011049 (0.470567)
SVM: 5.656854 0.015625 (0.463121)
SVM: 5.656854 0.022097 (0.453901)
SVM: 5.656854 0.031250 (0.453191)
SVM: 5.656854 0.044194 (0.466667)
SVM: 5.656854 0.062500 (0.487943)
SVM: 5.656854 0.088388 (0.501418)
SVM: 5.656854 0.125000 (0.509929)
SVM: 5.656854 0.176777 (0.514184)
SVM: 5.656854 0.250000 (0.512411)
SVM: 5.656854 0.353553 (0.509574)
SVM: 5.656854 0.500000 (0.512766)
SVM: 5.656854 0.707107 (0.521986)
SVM: 5.656854 1.000000 (0.530496)
SVM: 5.656854 1.414214 (0.531206)
SVM: 5.656854 2.000000 (0.531915)
SVM: 5.656854 2.828427 (0.532624)
SVM: 5.656854 4.000000 (0.544681)
SVM: 5.656854 5.656854 (0.533688)
SVM: 5.656854 8.000000 (0.531915)
SVM: 5.656854 11.313708 (0.531915)
SVM: 5.656854 16.000000 (0.531915)
SVM: 5.656854 22.627417 (0.531915)
SVM: 5.656854 32.000000 (0.531915)
SVM: 5.656854 45.254834 (0.531915)
SVM: 5.656854 64.000000 (0.531915)
SVM: 5.656854 90.509668 (0.531915)
SVM: 5.656854 128.000000 (0.531915)
SVM: 5.656854 181.019336 (0.531915)
SVM: 5.656854 256.000000 (0.531915)
SVM: 5.656854 362.038672 (0.531915)
SVM: 5.656854 512.000000 (0.531915)
SVM: 5.656854 724.077344 (0.531915)
SVM: 5.656854 1024.000000 (0.531915)
SVM: 8.000000 0.000977 (0.486170)
SVM: 8.000000 0.001381 (0.486170)
SVM: 8.000000 0.001953 (0.486879)
SVM: 8.000000 0.002762 (0.482979)
SVM: 8.000000 0.003906 (0.479787)
SVM: 8.000000 0.005524 (0.470213)
SVM: 8.000000 0.007812 (0.468794)
SVM: 8.000000 0.011049 (0.461702)
SVM: 8.000000 0.015625 (0.453191)
SVM: 8.000000 0.022097 (0.451773)
SVM: 8.000000 0.031250 (0.464894)
SVM: 8.000000 0.044194 (0.485106)
SVM: 8.000000 0.062500 (0.497872)
SVM: 8.000000 0.088388 (0.510284)
SVM: 8.000000 0.125000 (0.517730)
SVM: 8.000000 0.176777 (0.517730)
SVM: 8.000000 0.250000 (0.511702)
SVM: 8.000000 0.353553 (0.510638)
SVM: 8.000000 0.500000 (0.517730)
SVM: 8.000000 0.707107 (0.529078)
SVM: 8.000000 1.000000 (0.530851)
SVM: 8.000000 1.414214 (0.531560)
SVM: 8.000000 2.000000 (0.531915)
SVM: 8.000000 2.828427 (0.536170)
SVM: 8.000000 4.000000 (0.539362)
SVM: 8.000000 5.656854 (0.534752)
SVM: 8.000000 8.000000 (0.534043)
SVM: 8.000000 11.313708 (0.531915)
SVM: 8.000000 16.000000 (0.531915)
SVM: 8.000000 22.627417 (0.531915)
SVM: 8.000000 32.000000 (0.531915)
SVM: 8.000000 45.254834 (0.531915)
SVM: 8.000000 64.000000 (0.531915)
SVM: 8.000000 90.509668 (0.531915)
SVM: 8.000000 128.000000 (0.531915)
SVM: 8.000000 181.019336 (0.531915)
SVM: 8.000000 256.000000 (0.531915)
SVM: 8.000000 362.038672 (0.531915)
SVM: 8.000000 512.000000 (0.531915)
SVM: 8.000000 724.077344 (0.531915)
SVM: 8.000000 1024.000000 (0.531915)
SVM: 11.313708 0.000977 (0.485106)
SVM: 11.313708 0.001381 (0.486879)
SVM: 11.313708 0.001953 (0.483688)
SVM: 11.313708 0.002762 (0.477660)
SVM: 11.313708 0.003906 (0.467021)
SVM: 11.313708 0.005524 (0.463475)
SVM: 11.313708 0.007812 (0.460284)
SVM: 11.313708 0.011049 (0.454255)
SVM: 11.313708 0.015625 (0.452128)
SVM: 11.313708 0.022097 (0.465603)
SVM: 11.313708 0.031250 (0.479433)
SVM: 11.313708 0.044194 (0.495745)
SVM: 11.313708 0.062500 (0.507801)
SVM: 11.313708 0.088388 (0.517021)
SVM: 11.313708 0.125000 (0.519149)
SVM: 11.313708 0.176777 (0.517730)
SVM: 11.313708 0.250000 (0.510638)
SVM: 11.313708 0.353553 (0.516667)
SVM: 11.313708 0.500000 (0.523050)
SVM: 11.313708 0.707107 (0.530496)
SVM: 11.313708 1.000000 (0.530851)
SVM: 11.313708 1.414214 (0.531560)
SVM: 11.313708 2.000000 (0.531915)
SVM: 11.313708 2.828427 (0.537943)
SVM: 11.313708 4.000000 (0.534752)
SVM: 11.313708 5.656854 (0.539007)
SVM: 11.313708 8.000000 (0.542908)
SVM: 11.313708 11.313708 (0.531915)
SVM: 11.313708 16.000000 (0.531915)
SVM: 11.313708 22.627417 (0.531915)
SVM: 11.313708 32.000000 (0.531915)
SVM: 11.313708 45.254834 (0.531915)
SVM: 11.313708 64.000000 (0.531915)
SVM: 11.313708 90.509668 (0.531915)
SVM: 11.313708 128.000000 (0.531915)
SVM: 11.313708 181.019336 (0.531915)
SVM: 11.313708 256.000000 (0.531915)
SVM: 11.313708 362.038672 (0.531915)
SVM: 11.313708 512.000000 (0.531915)
SVM: 11.313708 724.077344 (0.531915)
SVM: 11.313708 1024.000000 (0.531915)
SVM: 16.000000 0.000977 (0.486170)
SVM: 16.000000 0.001381 (0.484043)
SVM: 16.000000 0.001953 (0.476950)
SVM: 16.000000 0.002762 (0.466312)
SVM: 16.000000 0.003906 (0.463475)
SVM: 16.000000 0.005524 (0.460993)
SVM: 16.000000 0.007812 (0.456738)
SVM: 16.000000 0.011049 (0.451064)
SVM: 16.000000 0.015625 (0.461702)
SVM: 16.000000 0.022097 (0.477660)
SVM: 16.000000 0.031250 (0.494326)
SVM: 16.000000 0.044194 (0.506028)
SVM: 16.000000 0.062500 (0.514539)
SVM: 16.000000 0.088388 (0.522340)
SVM: 16.000000 0.125000 (0.522340)
SVM: 16.000000 0.176777 (0.516312)
SVM: 16.000000 0.250000 (0.514894)
SVM: 16.000000 0.353553 (0.521631)
SVM: 16.000000 0.500000 (0.529433)
SVM: 16.000000 0.707107 (0.530851)
SVM: 16.000000 1.000000 (0.531560)
SVM: 16.000000 1.414214 (0.531560)
SVM: 16.000000 2.000000 (0.532270)
SVM: 16.000000 2.828427 (0.533688)
SVM: 16.000000 4.000000 (0.535461)
SVM: 16.000000 5.656854 (0.548582)
SVM: 16.000000 8.000000 (0.545390)
SVM: 16.000000 11.313708 (0.531915)
SVM: 16.000000 16.000000 (0.531915)
SVM: 16.000000 22.627417 (0.531915)
SVM: 16.000000 32.000000 (0.531915)
SVM: 16.000000 45.254834 (0.531915)
SVM: 16.000000 64.000000 (0.531915)
SVM: 16.000000 90.509668 (0.531915)
SVM: 16.000000 128.000000 (0.531915)
SVM: 16.000000 181.019336 (0.531915)
SVM: 16.000000 256.000000 (0.531915)
SVM: 16.000000 362.038672 (0.531915)
SVM: 16.000000 512.000000 (0.531915)
SVM: 16.000000 724.077344 (0.531915)
SVM: 16.000000 1024.000000 (0.531915)
SVM: 22.627417 0.000977 (0.484043)
SVM: 22.627417 0.001381 (0.478014)
SVM: 22.627417 0.001953 (0.464539)
SVM: 22.627417 0.002762 (0.460993)
SVM: 22.627417 0.003906 (0.460993)
SVM: 22.627417 0.005524 (0.455319)
SVM: 22.627417 0.007812 (0.452482)
SVM: 22.627417 0.011049 (0.459929)
SVM: 22.627417 0.015625 (0.477660)
SVM: 22.627417 0.022097 (0.492199)
SVM: 22.627417 0.031250 (0.502482)
SVM: 22.627417 0.044194 (0.512766)
SVM: 22.627417 0.062500 (0.522695)
SVM: 22.627417 0.088388 (0.524468)
SVM: 22.627417 0.125000 (0.523050)
SVM: 22.627417 0.176777 (0.519149)
SVM: 22.627417 0.250000 (0.520567)
SVM: 22.627417 0.353553 (0.523759)
SVM: 22.627417 0.500000 (0.530496)
SVM: 22.627417 0.707107 (0.530851)
SVM: 22.627417 1.000000 (0.531560)
SVM: 22.627417 1.414214 (0.531560)
SVM: 22.627417 2.000000 (0.533333)
SVM: 22.627417 2.828427 (0.533688)
SVM: 22.627417 4.000000 (0.536525)
SVM: 22.627417 5.656854 (0.548227)
SVM: 22.627417 8.000000 (0.553191)
SVM: 22.627417 11.313708 (0.531915)
SVM: 22.627417 16.000000 (0.531915)
SVM: 22.627417 22.627417 (0.531915)
SVM: 22.627417 32.000000 (0.531915)
SVM: 22.627417 45.254834 (0.531915)
SVM: 22.627417 64.000000 (0.531915)
SVM: 22.627417 90.509668 (0.531915)
SVM: 22.627417 128.000000 (0.531915)
SVM: 22.627417 181.019336 (0.531915)
SVM: 22.627417 256.000000 (0.531915)
SVM: 22.627417 362.038672 (0.531915)
SVM: 22.627417 512.000000 (0.531915)
SVM: 22.627417 724.077344 (0.531915)
SVM: 22.627417 1024.000000 (0.531915)
SVM: 32.000000 0.000977 (0.478014)
SVM: 32.000000 0.001381 (0.464894)
SVM: 32.000000 0.001953 (0.460284)
SVM: 32.000000 0.002762 (0.458511)
SVM: 32.000000 0.003906 (0.453901)
SVM: 32.000000 0.005524 (0.453191)
SVM: 32.000000 0.007812 (0.459574)
SVM: 32.000000 0.011049 (0.474823)
SVM: 32.000000 0.015625 (0.487589)
SVM: 32.000000 0.022097 (0.500355)
SVM: 32.000000 0.031250 (0.513475)
SVM: 32.000000 0.044194 (0.518440)
SVM: 32.000000 0.062500 (0.524823)
SVM: 32.000000 0.088388 (0.526950)
SVM: 32.000000 0.125000 (0.523759)
SVM: 32.000000 0.176777 (0.519858)
SVM: 32.000000 0.250000 (0.524468)
SVM: 32.000000 0.353553 (0.529078)
SVM: 32.000000 0.500000 (0.530851)
SVM: 32.000000 0.707107 (0.531560)
SVM: 32.000000 1.000000 (0.531560)
SVM: 32.000000 1.414214 (0.531206)
SVM: 32.000000 2.000000 (0.532270)
SVM: 32.000000 2.828427 (0.533688)
SVM: 32.000000 4.000000 (0.540071)
SVM: 32.000000 5.656854 (0.555319)
SVM: 32.000000 8.000000 (0.555319)
SVM: 32.000000 11.313708 (0.531915)
SVM: 32.000000 16.000000 (0.531915)
SVM: 32.000000 22.627417 (0.531915)
SVM: 32.000000 32.000000 (0.531915)
SVM: 32.000000 45.254834 (0.531915)
SVM: 32.000000 64.000000 (0.531915)
SVM: 32.000000 90.509668 (0.531915)
SVM: 32.000000 128.000000 (0.531915)
SVM: 32.000000 181.019336 (0.531915)
SVM: 32.000000 256.000000 (0.531915)
SVM: 32.000000 362.038672 (0.531915)
SVM: 32.000000 512.000000 (0.531915)
SVM: 32.000000 724.077344 (0.531915)
SVM: 32.000000 1024.000000 (0.531915)
SVM: 45.254834 0.000977 (0.465603)
SVM: 45.254834 0.001381 (0.459574)
SVM: 45.254834 0.001953 (0.455674)
SVM: 45.254834 0.002762 (0.452837)
SVM: 45.254834 0.003906 (0.452482)
SVM: 45.254834 0.005524 (0.458865)
SVM: 45.254834 0.007812 (0.472340)
SVM: 45.254834 0.011049 (0.484397)
SVM: 45.254834 0.015625 (0.498227)
SVM: 45.254834 0.022097 (0.507801)
SVM: 45.254834 0.031250 (0.517730)
SVM: 45.254834 0.044194 (0.525532)
SVM: 45.254834 0.062500 (0.527305)
SVM: 45.254834 0.088388 (0.526241)
SVM: 45.254834 0.125000 (0.525177)
SVM: 45.254834 0.176777 (0.524468)
SVM: 45.254834 0.250000 (0.525532)
SVM: 45.254834 0.353553 (0.530142)
SVM: 45.254834 0.500000 (0.531206)
SVM: 45.254834 0.707107 (0.531560)
SVM: 45.254834 1.000000 (0.531560)
SVM: 45.254834 1.414214 (0.532270)
SVM: 45.254834 2.000000 (0.531915)
SVM: 45.254834 2.828427 (0.536170)
SVM: 45.254834 4.000000 (0.536525)
SVM: 45.254834 5.656854 (0.559220)
SVM: 45.254834 8.000000 (0.556383)
SVM: 45.254834 11.313708 (0.531915)
SVM: 45.254834 16.000000 (0.531915)
SVM: 45.254834 22.627417 (0.531915)
SVM: 45.254834 32.000000 (0.531915)
SVM: 45.254834 45.254834 (0.531915)
SVM: 45.254834 64.000000 (0.531915)
SVM: 45.254834 90.509668 (0.531915)
SVM: 45.254834 128.000000 (0.531915)
SVM: 45.254834 181.019336 (0.531915)
SVM: 45.254834 256.000000 (0.531915)
SVM: 45.254834 362.038672 (0.531915)
SVM: 45.254834 512.000000 (0.531915)
SVM: 45.254834 724.077344 (0.531915)
SVM: 45.254834 1024.000000 (0.531915)
SVM: 64.000000 0.000977 (0.457092)
SVM: 64.000000 0.001381 (0.454255)
SVM: 64.000000 0.001953 (0.452482)
SVM: 64.000000 0.002762 (0.454255)
SVM: 64.000000 0.003906 (0.458865)
SVM: 64.000000 0.005524 (0.469858)
SVM: 64.000000 0.007812 (0.483333)
SVM: 64.000000 0.011049 (0.496099)
SVM: 64.000000 0.015625 (0.506028)
SVM: 64.000000 0.022097 (0.518440)
SVM: 64.000000 0.031250 (0.523404)
SVM: 64.000000 0.044194 (0.526950)
SVM: 64.000000 0.062500 (0.527660)
SVM: 64.000000 0.088388 (0.526596)
SVM: 64.000000 0.125000 (0.523759)
SVM: 64.000000 0.176777 (0.525887)
SVM: 64.000000 0.250000 (0.528014)
SVM: 64.000000 0.353553 (0.531206)
SVM: 64.000000 0.500000 (0.531915)
SVM: 64.000000 0.707107 (0.531560)
SVM: 64.000000 1.000000 (0.531560)
SVM: 64.000000 1.414214 (0.531915)
SVM: 64.000000 2.000000 (0.532624)
SVM: 64.000000 2.828427 (0.534043)
SVM: 64.000000 4.000000 (0.543972)
SVM: 64.000000 5.656854 (0.562766)
SVM: 64.000000 8.000000 (0.550355)
SVM: 64.000000 11.313708 (0.531915)
SVM: 64.000000 16.000000 (0.531915)
SVM: 64.000000 22.627417 (0.531915)
SVM: 64.000000 32.000000 (0.531915)
SVM: 64.000000 45.254834 (0.531915)
SVM: 64.000000 64.000000 (0.531915)
SVM: 64.000000 90.509668 (0.531915)
SVM: 64.000000 128.000000 (0.531915)
SVM: 64.000000 181.019336 (0.531915)
SVM: 64.000000 256.000000 (0.531915)
SVM: 64.000000 362.038672 (0.531915)
SVM: 64.000000 512.000000 (0.531915)
SVM: 64.000000 724.077344 (0.531915)
SVM: 64.000000 1024.000000 (0.531915)
SVM: 90.509668 0.000977 (0.453191)
SVM: 90.509668 0.001381 (0.449645)
SVM: 90.509668 0.001953 (0.453901)
SVM: 90.509668 0.002762 (0.457801)
SVM: 90.509668 0.003906 (0.467730)
SVM: 90.509668 0.005524 (0.481206)
SVM: 90.509668 0.007812 (0.495390)
SVM: 90.509668 0.011049 (0.506383)
SVM: 90.509668 0.015625 (0.515957)
SVM: 90.509668 0.022097 (0.523050)
SVM: 90.509668 0.031250 (0.525532)
SVM: 90.509668 0.044194 (0.527660)
SVM: 90.509668 0.062500 (0.528369)
SVM: 90.509668 0.088388 (0.527660)
SVM: 90.509668 0.125000 (0.526950)
SVM: 90.509668 0.176777 (0.526950)
SVM: 90.509668 0.250000 (0.529787)
SVM: 90.509668 0.353553 (0.531206)
SVM: 90.509668 0.500000 (0.531915)
SVM: 90.509668 0.707107 (0.531915)
SVM: 90.509668 1.000000 (0.531915)
SVM: 90.509668 1.414214 (0.531560)
SVM: 90.509668 2.000000 (0.532624)
SVM: 90.509668 2.828427 (0.533688)
SVM: 90.509668 4.000000 (0.548582)
SVM: 90.509668 5.656854 (0.567376)
SVM: 90.509668 8.000000 (0.548227)
SVM: 90.509668 11.313708 (0.531915)
SVM: 90.509668 16.000000 (0.531915)
SVM: 90.509668 22.627417 (0.531915)
SVM: 90.509668 32.000000 (0.531915)
SVM: 90.509668 45.254834 (0.531915)
SVM: 90.509668 64.000000 (0.531915)
SVM: 90.509668 90.509668 (0.531915)
SVM: 90.509668 128.000000 (0.531915)
SVM: 90.509668 181.019336 (0.531915)
SVM: 90.509668 256.000000 (0.531915)
SVM: 90.509668 362.038672 (0.531915)
SVM: 90.509668 512.000000 (0.531915)
SVM: 90.509668 724.077344 (0.531915)
SVM: 90.509668 1024.000000 (0.531915)
SVM: 128.000000 0.000977 (0.450000)
SVM: 128.000000 0.001381 (0.453901)
SVM: 128.000000 0.001953 (0.457092)
SVM: 128.000000 0.002762 (0.469149)
SVM: 128.000000 0.003906 (0.479078)
SVM: 128.000000 0.005524 (0.494326)
SVM: 128.000000 0.007812 (0.504610)
SVM: 128.000000 0.011049 (0.510993)
SVM: 128.000000 0.015625 (0.525177)
SVM: 128.000000 0.022097 (0.525887)
SVM: 128.000000 0.031250 (0.527305)
SVM: 128.000000 0.044194 (0.528369)
SVM: 128.000000 0.062500 (0.528014)
SVM: 128.000000 0.088388 (0.526241)
SVM: 128.000000 0.125000 (0.528369)
SVM: 128.000000 0.176777 (0.528369)
SVM: 128.000000 0.250000 (0.531206)
SVM: 128.000000 0.353553 (0.531915)
SVM: 128.000000 0.500000 (0.531915)
SVM: 128.000000 0.707107 (0.531915)
SVM: 128.000000 1.000000 (0.531560)
SVM: 128.000000 1.414214 (0.532270)
SVM: 128.000000 2.000000 (0.532624)
SVM: 128.000000 2.828427 (0.536879)
SVM: 128.000000 4.000000 (0.558156)
SVM: 128.000000 5.656854 (0.561702)
SVM: 128.000000 8.000000 (0.541489)
SVM: 128.000000 11.313708 (0.531915)
SVM: 128.000000 16.000000 (0.531915)
SVM: 128.000000 22.627417 (0.531915)
SVM: 128.000000 32.000000 (0.531915)
SVM: 128.000000 45.254834 (0.531915)
SVM: 128.000000 64.000000 (0.531915)
SVM: 128.000000 90.509668 (0.531915)
SVM: 128.000000 128.000000 (0.531915)
SVM: 128.000000 181.019336 (0.531915)
SVM: 128.000000 256.000000 (0.531915)
SVM: 128.000000 362.038672 (0.531915)
SVM: 128.000000 512.000000 (0.531915)
SVM: 128.000000 724.077344 (0.531915)
SVM: 128.000000 1024.000000 (0.531915)
SVM: 181.019336 0.000977 (0.453546)
SVM: 181.019336 0.001381 (0.456738)
SVM: 181.019336 0.001953 (0.469858)
SVM: 181.019336 0.002762 (0.476596)
SVM: 181.019336 0.003906 (0.492199)
SVM: 181.019336 0.005524 (0.503546)
SVM: 181.019336 0.007812 (0.512057)
SVM: 181.019336 0.011049 (0.524113)
SVM: 181.019336 0.015625 (0.524468)
SVM: 181.019336 0.022097 (0.525532)
SVM: 181.019336 0.031250 (0.528014)
SVM: 181.019336 0.044194 (0.528723)
SVM: 181.019336 0.062500 (0.529078)
SVM: 181.019336 0.088388 (0.528369)
SVM: 181.019336 0.125000 (0.528369)
SVM: 181.019336 0.176777 (0.529787)
SVM: 181.019336 0.250000 (0.531560)
SVM: 181.019336 0.353553 (0.531915)
SVM: 181.019336 0.500000 (0.531915)
SVM: 181.019336 0.707107 (0.532270)
SVM: 181.019336 1.000000 (0.531206)
SVM: 181.019336 1.414214 (0.532270)
SVM: 181.019336 2.000000 (0.533333)
SVM: 181.019336 2.828427 (0.539362)
SVM: 181.019336 4.000000 (0.562057)
SVM: 181.019336 5.656854 (0.557092)
SVM: 181.019336 8.000000 (0.541135)
SVM: 181.019336 11.313708 (0.531915)
SVM: 181.019336 16.000000 (0.531915)
SVM: 181.019336 22.627417 (0.531915)
SVM: 181.019336 32.000000 (0.531915)
SVM: 181.019336 45.254834 (0.531915)
SVM: 181.019336 64.000000 (0.531915)
SVM: 181.019336 90.509668 (0.531915)
SVM: 181.019336 128.000000 (0.531915)
SVM: 181.019336 181.019336 (0.531915)
SVM: 181.019336 256.000000 (0.531915)
SVM: 181.019336 362.038672 (0.531915)
SVM: 181.019336 512.000000 (0.531915)
SVM: 181.019336 724.077344 (0.531915)
SVM: 181.019336 1024.000000 (0.531915)
SVM: 256.000000 0.000977 (0.456028)
SVM: 256.000000 0.001381 (0.468794)
SVM: 256.000000 0.001953 (0.477660)
SVM: 256.000000 0.002762 (0.491489)
SVM: 256.000000 0.003906 (0.502128)
SVM: 256.000000 0.005524 (0.508865)
SVM: 256.000000 0.007812 (0.521986)
SVM: 256.000000 0.011049 (0.525532)
SVM: 256.000000 0.015625 (0.526241)
SVM: 256.000000 0.022097 (0.527660)
SVM: 256.000000 0.031250 (0.528723)
SVM: 256.000000 0.044194 (0.529078)
SVM: 256.000000 0.062500 (0.528723)
SVM: 256.000000 0.088388 (0.529078)
SVM: 256.000000 0.125000 (0.528723)
SVM: 256.000000 0.176777 (0.531560)
SVM: 256.000000 0.250000 (0.531915)
SVM: 256.000000 0.353553 (0.531915)
SVM: 256.000000 0.500000 (0.531915)
SVM: 256.000000 0.707107 (0.532624)
SVM: 256.000000 1.000000 (0.531206)
SVM: 256.000000 1.414214 (0.531915)
SVM: 256.000000 2.000000 (0.533333)
SVM: 256.000000 2.828427 (0.548227)
SVM: 256.000000 4.000000 (0.559574)
SVM: 256.000000 5.656854 (0.553546)
SVM: 256.000000 8.000000 (0.539007)
SVM: 256.000000 11.313708 (0.531915)
SVM: 256.000000 16.000000 (0.531915)
SVM: 256.000000 22.627417 (0.531915)
SVM: 256.000000 32.000000 (0.531915)
SVM: 256.000000 45.254834 (0.531915)
SVM: 256.000000 64.000000 (0.531915)
SVM: 256.000000 90.509668 (0.531915)
SVM: 256.000000 128.000000 (0.531915)
SVM: 256.000000 181.019336 (0.531915)
SVM: 256.000000 256.000000 (0.531915)
SVM: 256.000000 362.038672 (0.531915)
SVM: 256.000000 512.000000 (0.531915)
SVM: 256.000000 724.077344 (0.531915)
SVM: 256.000000 1024.000000 (0.531915)
SVM: 362.038672 0.000977 (0.467376)
SVM: 362.038672 0.001381 (0.478369)
SVM: 362.038672 0.001953 (0.489716)
SVM: 362.038672 0.002762 (0.499645)
SVM: 362.038672 0.003906 (0.507092)
SVM: 362.038672 0.005524 (0.521277)
SVM: 362.038672 0.007812 (0.525177)
SVM: 362.038672 0.011049 (0.525177)
SVM: 362.038672 0.015625 (0.527660)
SVM: 362.038672 0.022097 (0.528369)
SVM: 362.038672 0.031250 (0.528014)
SVM: 362.038672 0.044194 (0.527660)
SVM: 362.038672 0.062500 (0.527305)
SVM: 362.038672 0.088388 (0.527660)
SVM: 362.038672 0.125000 (0.530496)
SVM: 362.038672 0.176777 (0.531560)
SVM: 362.038672 0.250000 (0.531915)
SVM: 362.038672 0.353553 (0.531560)
SVM: 362.038672 0.500000 (0.531915)
SVM: 362.038672 0.707107 (0.532270)
SVM: 362.038672 1.000000 (0.531206)
SVM: 362.038672 1.414214 (0.531915)
SVM: 362.038672 2.000000 (0.535106)
SVM: 362.038672 2.828427 (0.552837)
SVM: 362.038672 4.000000 (0.553901)
SVM: 362.038672 5.656854 (0.555319)
SVM: 362.038672 8.000000 (0.539007)
SVM: 362.038672 11.313708 (0.531915)
SVM: 362.038672 16.000000 (0.531915)
SVM: 362.038672 22.627417 (0.531915)
SVM: 362.038672 32.000000 (0.531915)
SVM: 362.038672 45.254834 (0.531915)
SVM: 362.038672 64.000000 (0.531915)
SVM: 362.038672 90.509668 (0.531915)
SVM: 362.038672 128.000000 (0.531915)
SVM: 362.038672 181.019336 (0.531915)
SVM: 362.038672 256.000000 (0.531915)
SVM: 362.038672 362.038672 (0.531915)
SVM: 362.038672 512.000000 (0.531915)
SVM: 362.038672 724.077344 (0.531915)
SVM: 362.038672 1024.000000 (0.531915)
SVM: 512.000000 0.000977 (0.476950)
SVM: 512.000000 0.001381 (0.488652)
SVM: 512.000000 0.001953 (0.498936)
SVM: 512.000000 0.002762 (0.506028)
SVM: 512.000000 0.003906 (0.519858)
SVM: 512.000000 0.005524 (0.525532)
SVM: 512.000000 0.007812 (0.525532)
SVM: 512.000000 0.011049 (0.526950)
SVM: 512.000000 0.015625 (0.527660)
SVM: 512.000000 0.022097 (0.529433)
SVM: 512.000000 0.031250 (0.529078)
SVM: 512.000000 0.044194 (0.528014)
SVM: 512.000000 0.062500 (0.525887)
SVM: 512.000000 0.088388 (0.528369)
SVM: 512.000000 0.125000 (0.531560)
SVM: 512.000000 0.176777 (0.531915)
SVM: 512.000000 0.250000 (0.531915)
SVM: 512.000000 0.353553 (0.531915)
SVM: 512.000000 0.500000 (0.531915)
SVM: 512.000000 0.707107 (0.531560)
SVM: 512.000000 1.000000 (0.531206)
SVM: 512.000000 1.414214 (0.532624)
SVM: 512.000000 2.000000 (0.537943)
SVM: 512.000000 2.828427 (0.552837)
SVM: 512.000000 4.000000 (0.552482)
SVM: 512.000000 5.656854 (0.554610)
SVM: 512.000000 8.000000 (0.539007)
SVM: 512.000000 11.313708 (0.531915)
SVM: 512.000000 16.000000 (0.531915)
SVM: 512.000000 22.627417 (0.531915)
SVM: 512.000000 32.000000 (0.531915)
SVM: 512.000000 45.254834 (0.531915)
SVM: 512.000000 64.000000 (0.531915)
SVM: 512.000000 90.509668 (0.531915)
SVM: 512.000000 128.000000 (0.531915)
SVM: 512.000000 181.019336 (0.531915)
SVM: 512.000000 256.000000 (0.531915)
SVM: 512.000000 362.038672 (0.531915)
SVM: 512.000000 512.000000 (0.531915)
SVM: 512.000000 724.077344 (0.531915)
SVM: 512.000000 1024.000000 (0.531915)
SVM: 724.077344 0.000977 (0.487943)
SVM: 724.077344 0.001381 (0.498936)
SVM: 724.077344 0.001953 (0.503901)
SVM: 724.077344 0.002762 (0.518794)
SVM: 724.077344 0.003906 (0.524113)
SVM: 724.077344 0.005524 (0.524823)
SVM: 724.077344 0.007812 (0.526241)
SVM: 724.077344 0.011049 (0.528014)
SVM: 724.077344 0.015625 (0.529433)
SVM: 724.077344 0.022097 (0.528723)
SVM: 724.077344 0.031250 (0.528014)
SVM: 724.077344 0.044194 (0.527660)
SVM: 724.077344 0.062500 (0.525887)
SVM: 724.077344 0.088388 (0.530142)
SVM: 724.077344 0.125000 (0.531560)
SVM: 724.077344 0.176777 (0.531915)
SVM: 724.077344 0.250000 (0.531560)
SVM: 724.077344 0.353553 (0.531206)
SVM: 724.077344 0.500000 (0.532270)
SVM: 724.077344 0.707107 (0.531206)
SVM: 724.077344 1.000000 (0.531560)
SVM: 724.077344 1.414214 (0.532624)
SVM: 724.077344 2.000000 (0.544681)
SVM: 724.077344 2.828427 (0.549645)
SVM: 724.077344 4.000000 (0.559220)
SVM: 724.077344 5.656854 (0.553546)
SVM: 724.077344 8.000000 (0.539007)
SVM: 724.077344 11.313708 (0.531915)
SVM: 724.077344 16.000000 (0.531915)
SVM: 724.077344 22.627417 (0.531915)
SVM: 724.077344 32.000000 (0.531915)
SVM: 724.077344 45.254834 (0.531915)
SVM: 724.077344 64.000000 (0.531915)
SVM: 724.077344 90.509668 (0.531915)
SVM: 724.077344 128.000000 (0.531915)
SVM: 724.077344 181.019336 (0.531915)
SVM: 724.077344 256.000000 (0.531915)
SVM: 724.077344 362.038672 (0.531915)
SVM: 724.077344 512.000000 (0.531915)
SVM: 724.077344 724.077344 (0.531915)
SVM: 724.077344 1024.000000 (0.531915)
SVM: 1024.000000 0.000977 (0.497872)
SVM: 1024.000000 0.001381 (0.501064)
SVM: 1024.000000 0.001953 (0.515603)
SVM: 1024.000000 0.002762 (0.521986)
SVM: 1024.000000 0.003906 (0.523404)
SVM: 1024.000000 0.005524 (0.526241)
SVM: 1024.000000 0.007812 (0.529078)
SVM: 1024.000000 0.011049 (0.529787)
SVM: 1024.000000 0.015625 (0.528723)
SVM: 1024.000000 0.022097 (0.529078)
SVM: 1024.000000 0.031250 (0.528723)
SVM: 1024.000000 0.044194 (0.526596)
SVM: 1024.000000 0.062500 (0.526950)
SVM: 1024.000000 0.088388 (0.531560)
SVM: 1024.000000 0.125000 (0.531560)
SVM: 1024.000000 0.176777 (0.531915)
SVM: 1024.000000 0.250000 (0.531560)
SVM: 1024.000000 0.353553 (0.531915)
SVM: 1024.000000 0.500000 (0.533333)
SVM: 1024.000000 0.707107 (0.531206)
SVM: 1024.000000 1.000000 (0.531915)
SVM: 1024.000000 1.414214 (0.535816)
SVM: 1024.000000 2.000000 (0.543972)
SVM: 1024.000000 2.828427 (0.547163)
SVM: 1024.000000 4.000000 (0.559220)
SVM: 1024.000000 5.656854 (0.553546)
SVM: 1024.000000 8.000000 (0.539007)
SVM: 1024.000000 11.313708 (0.531915)
SVM: 1024.000000 16.000000 (0.531915)
SVM: 1024.000000 22.627417 (0.531915)
SVM: 1024.000000 32.000000 (0.531915)
SVM: 1024.000000 45.254834 (0.531915)
SVM: 1024.000000 64.000000 (0.531915)
SVM: 1024.000000 90.509668 (0.531915)
SVM: 1024.000000 128.000000 (0.531915)
SVM: 1024.000000 181.019336 (0.531915)
SVM: 1024.000000 256.000000 (0.531915)
SVM: 1024.000000 362.038672 (0.531915)
SVM: 1024.000000 512.000000 (0.531915)
SVM: 1024.000000 724.077344 (0.531915)
SVM: 1024.000000 1024.000000 (0.531915)